waypoints:
- lat: -7.286696917321377
  lon: 112.79608972370627
- lat: -7.286829944665386
  lon: 112.79603406786921
- lat: -7.286943017876744
  lon: 112.79614001512529
